0 34 7
0 34 7
1 33 7
-1 32 6
2 34 7
-2 31 7
3 34 7
-3 31 7
4 34 7
-4 30 7
5 34 7
-5 29 7
6 34 8
-6 28 7
7 34 8
-7 27 8
8 33 8
-8 26 8
9 32 9
-9 25 9
10 31 10
-10 25 9
11 29 10
-11 24 10
12 28 11
-12 23 11
13 27 12
-13 23 11
14 26 13
-14 22 12
15 24 14
-15 21 13
16 23 14
-16 21 14
17 22 16
-17 21 15
18 20 17
-18 20 16
19 19 18
-19 20 17
20 18 19
-20 19 18
21 17 20
-21 19 19
22 16 21
-22 19 20
23 15 22
-23 19 22
24 14 24
-24 19 23
25 13 25
-25 19 24
26 12 26
-26 19 26
27 11 27
-27 18 27
28 11 28
-28 18 28
29 10 29
-29 19 29
30 9 31
-30 19 31
31 9 32
-31 19 32
32 8 33
-32 19 33
33 8 35
-33 19 34
34 7 35
-34 19 34
35 7 35
-35 19 34
36 7 35
-36 19 34
37 7 35
-37 19 34
38 7 35
-38 19 34
39 6 34
-39 19 33
40 8 35
-40 19 34
