0 17 3
0 17 3
1 17 2
-1 16 3
2 17 2
-2 15 3
3 17 2
-3 15 3
4 17 3
-4 14 3
5 17 3
-5 14 2
6 16 3
-6 14 2
7 16 3
-7 13 2
8 15 3
-8 13 3
9 15 4
-9 12 3
10 14 4
-10 12 4
11 13 4
-11 12 4
12 13 5
-12 11 4
13 12 5
-13 11 5
14 11 6
-14 10 4
15 10 6
-15 10 6
16 11 6
-16 10 5
17 9 7
-17 10 7
18 9 7
-18 10 6
19 9 8
-19 9 8
20 7 9
-20 9 7
21 8 9
-21 9 9
22 6 10
-22 9 9
23 7 10
-23 9 9
24 5 11
-24 9 11
25 6 12
-25 9 10
26 4 12
-26 8 11
27 5 13
-27 9 12
28 4 14
-28 8 13
29 4 14
-29 8 13
30 4 15
-30 9 14
31 3 16
-31 8 15
32 3 16
-32 8 15
33 2 17
-33 9 16
34 2 17
-34 9 16
35 2 17
-35 9 17
36 3 17
-36 9 17
37 3 17
-37 9 17
38 3 17
-38 9 17
39 3 17
-39 9 17
40 3 17
-40 9 17
